SM:2025-10-07T22:53:59.0002458Z
LM:2025-10-07T23:01:50.7960591Z
CT:image/jpeg
MA:2592000
CL:40636
