SM:2025-10-07T22:53:58.9934536Z
LM:2025-10-07T23:05:02.7588123Z
CT:image/jpeg
MA:2592000
CL:900946
