SM:2025-10-07T22:53:58.9974251Z
LM:2025-10-07T22:54:01.5820446Z
CT:image/jpeg
MA:2592000
CL:412650
