SM:2025-10-07T22:53:58.9974251Z
LM:2025-10-07T23:01:50.7593547Z
CT:image/jpeg
MA:2592000
CL:19609
