SM:2025-10-07T22:53:58.9934536Z
LM:2025-10-07T23:01:50.8074625Z
CT:image/jpeg
MA:2592000
CL:56859
